chr	start	end	strand	tpm	interquantileWidth	iq_10	iq_90
chr1	286037	286037	-	8.52276712	9	286028	286038
chr1	455367	455367	+	33.11710864	27	455318	455398
chr1	1446560	1446560	+	64.40728227	1	1446557	1446561
chr1	1642405	1642405	-	11.54929681	20	1642382	1642416
chr1	4432231	4432231	-	44.29982651	16	4432195	4432233
chr1	7597398	7597398	+	72.67588827	23	7597352	7597452
chr1	10258936	10258936	-	23.96472937	63	10258830	10258987
chr1	13267569	13267569	+	68.67351911	30	13267527	13267784
chr1	15204996	15204996	+	10.09990901	50	15204962	15205108
chr1	17604997	17604997	+	6.44317271	38	17604989	17605027
chr1	18174878	18174878	+	8.95381197	50	18174864	18175130
chr1	18341143	18341143	-	76.30355559	10	18341103	18341191
chr1	18436595	18436595	-	7.0717592	45	18436581	18436626
chr1	18587273	18587273	-	53.02214734	13	18587245	18587313
chr1	19607163	19607163	-	5.87747432	39	19607144	19607364
chr1	21625839	21625839	+	73.14992444	33	21625763	21625954
chr1	23125275	23125275	-	20.81002234	9	23125188	23125412
chr1	23131673	23131673	+	12.98311871	10	23131599	23131728
chr1	25280873	25280873	-	7.89748671	10	25280872	25280898
chr1	35859484	35859484	-	13.35904523	51	35859483	35859534
chr1	36430206	36430206	+	65.40435832	33	36430165	36430269
chr1	39169860	39169860	-	18.02744458	10	39169838	39169909
chr1	42231821	42231821	+	20.13278469	62	42231756	42231823
chr1	42365131	42365131	-	5.52934302	7	42365122	42365131
chr1	45458497	45458497	+	20.55908202	51	45458370	45458542
chr1	45505056	45505056	-	463.33687378	22	45505033	45505097
chr1	46391297	46391297	-	5.43911808	26	46391285	46391322
chr1	51118114	51118114	-	44.30274388	3	51118025	51118128
chr1	51300355	51300355	-	11.55831926	3	51300274	51300357
chr1	51571684	51571684	-	47.17869697	42	51571642	51571755
chr1	52214404	52214404	-	59.01204226	15	52214391	52214430
chr1	52215845	52215845	+	93.71854306	24	52215792	52215863
chr1	52623354	52623354	-	35.41222851	46	52623281	52623356
chr1	52632587	52632587	+	38.01955446	20	52632433	52632591
chr1	52955944	52955944	-	27.36576251	31	52955357	52955989
chr1	54973652	54973652	-	12.98228153	44	54973627	54973701
chr1	55258256	55258256	-	11.57083425	32	55258162	55258332
chr1	59169378	59169378	-	13.16467095	11	59169332	59169465
chr1	59469917	59469917	-	9.6815438	19	59469837	59470010
chr1	59486166	59486166	+	7.75117905	35	59486155	59486241
chr2	238118	238118	-	35.2400657	25	238075	238235
chr2	1088149	1088149	+	75.11331255	32	1088128	1088184
chr2	2384537	2384537	-	70.10209097	44	2384375	2384610
chr2	2488803	2488803	-	31.52946144	30	2488745	2488820
chr2	2888618	2888618	+	17.93491558	3	2888617	2888620
chr2	2923642	2923642	+	84.27739735	30	2923580	2923662
chr2	3545997	3545997	+	32.19115462	2	3545992	3546020
chr2	5086063	5086063	-	62.19881085	22	5086013	5086133
chr2	5757942	5757942	-	17.75309098	2	5757941	5757944
chr2	9735089	9735089	+	6.32816781	49	9735016	9735089
chr2	10355308	10355308	-	13.33966641	30	10355232	10355359
chr2	10489668	10489668	-	45.31886658	3	10489664	10489675
chr2	10669731	10669731	+	18.13921048	23	10669689	10669822
chr2	11548204	11548204	+	153.32312306	6	11548197	11548295
chr2	13046794	13046794	-	29.49208401	15	13046767	13046808
chr2	13526905	13526905	+	47.63878323	51	13526718	13527093
chr2	13740450	13740450	+	16.8687444	30	13740404	13740714
chr2	14533976	14533976	+	42.17543747	1	14533974	14533976
chr2	14948987	14948987	+	25.91266744	16	14948965	14948988
chr2	16417593	16417593	+	36.28322216	49	16417555	16417699
chr2	17057141	17057141	-	5.45336396	28	17057140	17057168
chr2	17718701	17718701	-	38.79808486	35	17718637	17718734
chr2	18292802	18292802	-	59.30562588	58	18292757	18292888
chr2	19619086	19619086	-	13.80229839	58	19619085	19619147
chr2	20495103	20495103	+	9.93378253	6	20495098	20495108
chr2	21906564	21906564	-	9.57927863	1	21906563	21906580
chr2	22152022	22152022	+	13.8000012	49	22151993	22152046
chr2	23014608	23014608	+	5.00000564	18	23014577	23014667
chr2	23258718	23258718	+	9.57490581	28	23258709	23258770
chr2	24073257	24073257	-	7.65484856	34	24073223	24073257
chr2	24251073	24251073	-	18.93247775	24	24250998	24251106
chr2	24788957	24788957	+	26.91383618	31	24788955	24788998
chr2	26624261	26624261	-	70.73012587	35	26624200	26624343
chr2	26627861	26627861	+	31.26153857	63	26627813	26628120
chr2	26646701	26646701	+	1071.5486106	4	26646575	26646734
chr2	26809227	26809227	+	6.56009461	37	26809185	26809227
chr2	27148523	27148523	+	25.33822616	33	27148437	27148575
chr2	29561215	29561215	+	7.26060455	26	29561214	29561240
chr2	31524482	31524482	+	19.78001108	57	31524407	31524576
chr2	31737584	31737584	+	14.04780631	15	31737567	31737587
chr2	32073960	32073960	-	17.5499261	45	32073899	32073988
chr2	32389644	32389644	-	210.82502783	35	32389599	32389731
chr2	32759028	32759028	+	6.00257129	1	32759027	32759028
chr2	33175205	33175205	+	11.15568917	35	33175176	33175241
chr2	33644823	33644823	+	52.84490728	47	33644773	33644947
chr2	35575061	35575061	+	60.01048013	22	35575017	35575120
chr2	36329932	36329932	+	11.80214023	33	36329922	36330029
chr2	37405450	37405450	-	36.77528016	34	37405308	37405486
chr2	37575640	37575640	+	10.83035081	33	37575596	37575729
chr2	37742630	37742630	+	18.52002859	30	37742577	37742670
chr2	37820299	37820299	-	91.97625907	47	37820189	37820348
chr2	37909020	37909020	-	14.46288139	20	37908659	37909094
chr2	40955566	40955566	-	15.38391502	29	40955515	40955592
chr2	41589288	41589288	+	20.45003707	50	41589240	41589309
chr2	43913391	43913391	-	35.5431787	29	43913387	43913478
chr2	44316952	44316952	-	39.9816854	56	44316951	44317039
chr2	48413101	48413101	-	15.78927735	5	48413031	48413136
chr2	49410768	49410768	-	6.80175464	22	49410765	49410789
chr2	50696537	50696537	-	22.42706797	49	50696434	50696559
chr2	51328244	51328244	+	9.60339217	15	51328199	51328318
chr2	51428577	51428577	+	7.00856465	28	51428547	51428619
chr2	52330988	52330988	+	8.32536211	53	52330977	52331040
chr2	52760383	52760383	-	35.9692327	24	52760297	52760489
chr2	57557523	57557523	+	84.49850093	4	57557499	57557561
chr2	57737936	57737936	+	50.06349072	44	57737812	57738163
chr2	57919045	57919045	-	26.37426732	37	57919009	57919088
chr2	58719253	58719253	-	5.19844133	4	58719251	58719263
chr2	59583000	59583000	+	41.54917214	12	59582916	59583028
chr3	125588	125588	-	87.69070429	17	125499	125628
chr3	734012	734012	-	25.1087408	23	734002	734067
chr3	1996961	1996961	+	29.30151266	57	1996926	1997071
chr3	2234201	2234201	+	69.92038382	20	2234170	2234234
chr3	7175473	7175473	+	5.96886897	21	7175452	7175473
chr3	10231932	10231932	-	17.63307574	44	10231773	10231955
chr3	10811379	10811379	-	14.00927467	56	10811315	10811417
chr3	11800281	11800281	+	32.26186393	19	11800168	11800333
chr3	15239923	15239923	-	9.1034765	53	15239887	15239960
chr3	15659583	15659583	-	12.55490577	35	15659534	15659598
chr3	15729844	15729844	-	66.32286727	58	15729801	15729919
chr3	16749250	16749250	+	22.5773553	35	16749183	16749274
chr3	19234760	19234760	-	5.68737644	8	19234730	19234762
chr3	21153262	21153262	-	21.75072942	51	21153216	21153301
chr3	22425815	22425815	-	8.00806572	13	22425812	22425825
chr3	23145926	23145926	+	11.50211383	33	23145890	23145950
chr3	23275349	23275349	+	90.46894645	35	23275283	23275443
chr3	23698883	23698883	-	5.72118378	19	23698866	23698894
chr3	23865914	23865914	-	10.04712581	35	23865879	23866056
chr3	25373959	25373959	-	5.5720169	59	25373847	25373960
chr3	25374937	25374937	-	6.88585821	32	25374911	25374961
chr3	25522427	25522427	-	32.86934236	18	25522371	25522708
chr3	26211820	26211820	+	18.94212835	22	26211799	26211903
chr3	26791155	26791155	+	33.3799246	49	26791153	26791229
chr3	26887684	26887684	-	10.58782102	8	26887676	26887684
chr3	27798957	27798957	-	217.02271185	10	27798935	27799023
chr3	28816420	28816420	-	11.4522516	28	28816409	28816456
chr3	31209583	31209583	+	6.04940169	28	31209572	31209610
chr3	31799219	31799219	+	20.24100556	50	31799107	31799251
chr3	31854272	31854272	+	118.06773099	24	31854234	31854367
chr3	32955512	32955512	-	1311.97693722	3	32955480	32955628
chr3	34205575	34205575	+	33.52951638	29	34205443	34205608
chr3	36519325	36519325	-	35.99014257	35	36519300	36519413
chr3	36588579	36588579	+	12.88774277	24	36588539	36588605
chr3	36750308	36750308	+	18.08952523	59	36750234	36750422
chr3	37785185	37785185	+	10.75539006	34	37785116	37785349
chr3	38687672	38687672	-	6.08706458	25	38687655	38687695
chr3	42655014	42655014	+	16.37067702	19	42654936	42655053
chr3	43696598	43696598	-	23.46926965	45	43696538	43696667
chr3	45403209	45403209	+	79.94715507	29	45403070	45403267
chr3	47487523	47487523	+	9.47007947	20	47487507	47487590
chr3	48316313	48316313	-	7.40907718	39	48316242	48316388
chr3	49418676	49418676	-	5.8284211	10	49418665	49418679
chr3	50799962	50799962	-	24.35953316	20	50799934	50799986
chr3	53990471	53990471	+	14.98430331	28	53990391	53990473
chr3	55999416	55999416	-	397.60225773	3	55999324	55999451
chr3	61284649	61284649	+	9.69624518	34	61284635	61284727
chr3	62123532	62123532	+	12.65990383	47	62123467	62123613
chr3	63042410	63042410	-	16.78363681	30	63042393	63042430
chr4	1543402	1543402	-	64.54604524	63	1543327	1543489
chr4	1645138	1645138	-	53.67371964	48	1644985	1645199
chr4	1685462	1685462	-	22.70905972	22	1685437	1685462
chr4	5006077	5006077	+	6.6877588	21	5006056	5006077
chr4	5214853	5214853	+	26.80117514	32	5214791	5214904
chr4	5721500	5721500	+	6.05265861	18	5721477	5721531
chr4	6222511	6222511	+	13.50500026	31	6222483	6222514
chr4	8125626	8125626	-	33.24573194	35	8125552	8125709
chr4	8267019	8267019	-	28.87187841	58	8266800	8267034
chr4	9663602	9663602	-	5.58588031	13	9663601	9663620
chr4	10760515	10760515	+	16.93803947	13	10760492	10760544
chr4	11782876	11782876	-	10.43439834	28	11782863	11782891
chr4	13060324	13060324	-	14.79453603	28	13060295	13060332
chr4	14671222	14671222	+	32.06995182	17	14671192	14671231
chr4	15794131	15794131	+	65.25375176	4	15794086	15794161
chr4	17269912	17269912	-	12.1785951	29	17269908	17269949
chr4	22809653	22809653	-	13.21617296	41	22809612	22809653
chr4	24765246	24765246	+	17.2091181	5	24765243	24765248
chr4	24883962	24883962	-	60.17932498	34	24883845	24883995
chr4	26395634	26395634	-	19.56059426	49	26395518	26395662
chr4	27645784	27645784	-	17.040032	35	27645744	27645832
chr4	59480097	59480097	-	59.88764218	50	59479801	59480168
chr5	816616	816616	+	8.90921131	26	816587	816616
chr5	1224769	1224769	+	5.34947698	6	1224760	1224769
chr5	4306068	4306068	+	48.33594063	22	4305976	4306149
chr5	4373726	4373726	+	31.69711057	1	4373721	4373746
chr5	5211684	5211684	-	37.42680998	34	5211583	5211714
chr5	7162923	7162923	-	13.13866237	24	7162890	7162967
chr5	9540985	9540985	+	17.40852298	5	9540984	9540994
chr5	12897831	12897831	-	6.49592706	56	12897729	12897883
chr5	13317826	13317826	-	44.34246881	5	13317823	13317860
chr5	13789201	13789201	-	15.30058548	14	13789133	13789247
chr5	14409059	14409059	-	11.09436773	25	14409004	14409076
chr5	14851934	14851934	-	13.827775	21	14851920	14851956
chr5	16352191	16352191	-	23.08145497	16	16352137	16352231
chr5	17722691	17722691	-	589.01798597	2	17722428	17722790
chr5	19403015	19403015	+	58.99717504	46	19402933	19403038
chr5	20746547	20746547	-	38.76392887	35	20746371	20746595
chr5	21277382	21277382	-	5.02971833	35	21277286	21277382
chr5	22705083	22705083	-	13.3066697	17	22705023	22705188
chr5	25716231	25716231	+	6.74967981	37	25716184	25716385
chr5	25822992	25822992	-	19.02992362	30	25822941	25823015
chr5	25914176	25914176	-	23.31571074	36	25913956	25914223
chr5	29074421	29074421	+	227.99712404	4	29074412	29074585
chr5	30145164	30145164	+	12.39858174	27	30145135	30145173
chr5	31353279	31353279	+	24.40590989	24	31353237	31353417
chr5	31432571	31432571	+	20.31490972	4	31432523	31432592
chr5	31469765	31469765	+	30.20999676	47	31469703	31469983
chr5	32057442	32057442	-	6.90132001	17	32057374	32057534
chr5	33539102	33539102	-	55.03131773	40	33539048	33539122
chr5	33828519	33828519	+	7.40174909	4	33828515	33828519
chr5	34905484	34905484	-	61.02842681	19	34905401	34905534
chr5	36167357	36167357	+	106.02118319	50	36167217	36167772
chr5	38549660	38549660	-	476.71131461	31	38549600	38549705
chr5	38847817	38847817	-	21.22817484	23	38847814	38847855
chr5	39855961	39855961	-	11.68127918	57	39855777	39856034
chr5	40699474	40699474	+	36.79381285	40	40699324	40699537
chr5	44569465	44569465	-	27.85196098	39	44569342	44569557
chr5	44625007	44625007	+	43.16332442	5	44624957	44625007
chr5	45553558	45553558	-	35.58410668	55	45553517	45553579
chr5	47888728	47888728	+	8.08150574	50	47888699	47888749
chr5	55211782	55211782	-	8.32468064	35	55211781	55211816
chr5	55793637	55793637	-	9.48852819	30	55793568	55793687
chr5	59075041	59075041	+	6.4375845	39	59074990	59075041
chr5	62753909	62753909	+	7.38112903	24	62753881	62753909
chr5	62946853	62946853	-	8.89417855	48	62946816	62946864
chr5	64861723	64861723	+	215.83972001	22	64861633	64861851
chr5	64923983	64923983	+	94.47622353	26	64923937	64924048
chr5	66504910	66504910	+	10.48979978	16	66504823	66504972
chr5	68956815	68956815	+	16.41085575	13	68956739	68957025
chr5	69428450	69428450	+	67.10960003	50	69428359	69428497
chr5	70801148	70801148	+	39.78015526	31	70801068	70801175
chr5	72276257	72276257	-	6.73611611	9	72276242	72276267
chr5	72562584	72562584	+	16.477912	10	72562576	72562588
chr5	73159766	73159766	-	11.1823923	3	73159761	73159766
chr5	74986818	74986818	+	29.11845102	35	74986735	74986951
chr6	222559	222559	+	6.5563522	48	222555	222603
chr6	2675595	2675595	+	14.67272869	36	2675567	2675604
chr6	3522633	3522633	+	7.69169229	2	3522632	3522642
chr6	4767822	4767822	+	12.28598096	3	4767818	4767833
chr6	8019034	8019034	+	40.26782134	63	8018909	8019260
chr6	8161166	8161166	+	32.81312912	50	8161162	8161221
chr6	8688695	8688695	-	25.36128928	22	8688671	8688726
chr6	9197713	9197713	-	23.07900098	44	9197673	9197794
chr6	10110832	10110832	-	9.37937879	21	10110809	10110835
chr6	11002377	11002377	-	9.24699481	38	11002347	11002433
chr6	12898783	12898783	+	13.28489421	8	12898742	12898804
chr6	12957793	12957793	+	7.06432134	54	12957764	12957839
chr6	13110568	13110568	-	16.32045279	60	13110513	13110589
chr6	13950755	13950755	-	161.36724867	3	13950686	13950814
chr6	15553321	15553321	-	30.19400357	1	15553320	15553322
chr6	19023761	19023761	+	29.28928882	24	19023714	19023783
chr6	19491756	19491756	-	6.47159102	23	19491640	19491834
chr6	19659554	19659554	+	22.58393815	56	19659490	19659586
chr6	23672644	23672644	-	26.76715479	38	23672607	23672704
chr6	27604882	27604882	+	28.33257623	51	27604799	27604942
chr6	29827563	29827563	+	8.73676699	23	29827534	29827691
chr6	31779279	31779279	-	23.86866222	37	31779174	31779332
chr6	33234912	33234912	+	21.74522272	10	33234855	33234944
chr6	33629307	33629307	-	20.84880315	35	33629198	33629332
chr6	37692778	37692778	-	14.24403149	12	37692623	37692806
chr6	39275032	39275032	-	22.02280659	4	39275014	39275035
chr6	39824366	39824366	-	84.80459302	5	39824327	39824414
chr6	40785179	40785179	-	9.71203529	50	40785128	40785216
chr6	41394644	41394644	+	16.64802852	42	41394606	41394706
chr6	42319949	42319949	-	135.69251103	37	42319941	42320035
chr6	42598380	42598380	+	22.77189925	35	42598330	42598408
chr6	42750645	42750645	+	8.55023707	46	42750636	42750682
chr6	43165757	43165757	+	13.47585348	59	43165680	43165870
chr6	43202341	43202341	-	5.33810625	20	43202292	43202349
chr6	44748883	44748883	+	8.43022677	48	44748874	44748930
chr6	45871892	45871892	+	22.89652599	50	45871863	45871935
chr6	49457930	49457930	-	343.09071941	3	49457873	49457951
chr6	49625068	49625068	-	24.05728087	47	49625051	49625113
chr6	51524803	51524803	-	25.82034977	41	51524606	51524819
chr6	51616999	51616999	-	6.61533498	59	51616901	51617001
chr6	54142795	54142795	+	19.33175659	35	54142759	54142827
chr6	56119344	56119344	+	45.86346131	4	56119317	56119347
chr6	59789014	59789014	+	38.47524128	23	59788996	59789174
chr7	729293	729293	+	70.62754326	52	729210	729471
chr7	2663362	2663362	-	167.72989826	5	2663351	2663365
chr7	6800954	6800954	+	246.28331592	7	6800919	6801051
chr7	7289651	7289651	-	217.90025551	1	7289618	7289655
chr7	9518712	9518712	-	118.48715663	41	9518566	9518802
chr7	13733483	13733483	-	11.09208479	5	13733479	13733485
chr7	14780732	14780732	-	8.10794785	61	14780731	14780823
chr7	15258731	15258731	-	36.33093318	23	15258693	15258738
chr7	17280332	17280332	+	32.98080085	19	17280274	17280424
chr7	21156745	21156745	-	27.88895545	23	21156629	21156802
chr7	23799829	23799829	-	16.99709201	48	23799775	23799923
chr7	25189370	25189370	-	7.25261477	62	25189368	25189431
chr7	25372150	25372150	+	66.59526905	34	25372097	25372252
chr7	25403373	25403373	-	41.23726831	42	25403328	25403376
chr7	25661391	25661391	+	12.17003361	8	25661316	25661560
chr7	26302872	26302872	+	53.64140797	28	26302829	26302891
chr7	26864627	26864627	-	16.72456495	10	26864621	26864640
chr7	27515790	27515790	-	24.50133835	6	27515734	27515791
chr7	27592714	27592714	+	46.35222311	20	27592688	27592817
chr7	31288885	31288885	+	14.84558075	36	31288851	31288894
chr7	31577623	31577623	+	51.26576925	35	31577512	31577714
chr7	32116032	32116032	-	18.4100646	23	32115995	32116109
chr7	33355340	33355340	-	22.51499128	32	33355299	33355404
chr7	35608716	35608716	-	13.59862539	2	35608707	35608719
chr7	36769005	36769005	-	77.41523021	37	36768969	36769070
chr7	39787306	39787306	+	6.81154599	39	39787280	39787333
chr7	39963015	39963015	-	187.93723492	37	39962913	39963102
chr7	40072146	40072146	+	113.11804076	14	40072051	40072285
chr7	42048806	42048806	-	7.99455227	39	42048740	42048863
chr7	45692824	45692824	-	38.23316662	22	45692773	45692943
chr7	46455580	46455580	+	25.51743195	20	46455501	46455587
chr7	48746622	48746622	+	38.19306613	23	48746605	48746630
chr7	50262522	50262522	+	18.82514561	43	50262520	50262576
chr7	51172738	51172738	+	25.35808693	2	51172736	51172751
chr7	51358475	51358475	+	17.25912416	9	51358470	51358538
chr7	54167929	54167929	+	15.3549451	12	54167898	54167958
chr7	55225578	55225578	+	25.45702472	2	55225572	55225579
chr7	55569471	55569471	-	90.55892601	64	55569383	55569528
chr7	58098527	58098527	-	5.52424616	6	58098520	58098584
chr7	58372531	58372531	+	13.93066371	22	58372476	58372547
chr7	60153069	60153069	+	22.09609231	33	60153012	60153123
chr7	65850316	65850316	+	6.96120389	45	65850307	65850371
chr7	70178332	70178332	+	6.71217243	24	70178307	70178332
chr7	70336958	70336958	-	6.81177348	42	70336887	70336997
chr7	70340137	70340137	+	136.81553349	34	70340104	70340348
chr7	73888519	73888519	-	7.08168872	40	73888501	73888624
chr7	74539170	74539170	+	6.65951719	47	74539160	74539216
chr7	75222987	75222987	+	61.43711674	20	75222895	75223026
chr7	75274123	75274123	+	24.40215546	42	75274073	75274126
chr7	76754759	76754759	-	10.1159337	16	76754758	76754800
chr7	76820112	76820112	+	137.85087339	4	76820066	76820134
chr7	76852347	76852347	-	23.59382358	2	76852254	76852350
chr7	76853675	76853675	-	251.69641313	2	76853596	76853714
chr8	689869	689869	-	40.89953179	23	689820	689890
chr8	1434267	1434267	-	15.36666974	57	1434234	1434294
chr8	2681400	2681400	-	17.81704378	33	2681341	2681439
chr8	2831303	2831303	+	11.73305935	54	2831271	2831344
chr8	2935507	2935507	+	5.65193804	45	2935460	2935539
chr8	4568796	4568796	+	9.11174545	3	4568795	4568821
chr8	4906288	4906288	+	106.19288036	19	4906182	4906310
chr8	4997526	4997526	-	84.89698563	42	4997311	4997624
chr8	12505586	12505586	-	16.32806343	15	12505496	12505614
chr8	14058461	14058461	-	6.16446268	5	14058437	14058465
chr8	15699203	15699203	-	9.31114146	43	15699189	15699299
chr8	17196325	17196325	+	16.84669077	28	17196245	17196365
chr8	17217308	17217308	-	33.38988609	5	17217301	17217338
chr8	17598089	17598089	+	13.25444287	1	17598088	17598090
chr8	18294673	18294673	+	7.67872238	37	18294636	18294726
chr8	19064906	19064906	+	65.86818465	33	19064858	19065040
chr8	19355820	19355820	+	10.33373736	33	19355751	19355915
chr8	19805813	19805813	-	28.70101425	32	19805778	19805836
chr8	20159667	20159667	+	47.43341525	54	20159560	20159861
chr8	20212376	20212376	+	9.56197239	4	20212372	20212376
chr8	20976907	20976907	+	35.29027789	1	20976901	20976909
chr8	21891878	21891878	+	24.35697894	52	21891876	21891932
chr8	23819806	23819806	-	8.61007322	4	23819805	23819809
chr8	26614099	26614099	-	109.75032735	21	26613981	26614165
chr8	26699142	26699142	-	49.75207911	54	26699071	26699167
chr8	26860966	26860966	+	9.36121596	41	26860932	26861121
chr8	27182421	27182421	+	44.18229705	13	27182379	27182449
chr8	27249502	27249502	+	16.41757685	44	27249451	27249567
chr8	29127475	29127475	-	103.45246331	37	29127341	29127562
chr8	29195525	29195525	-	227.79910249	63	29195480	29195587
chr8	29225780	29225780	-	15.0552299	23	29225664	29225851
chr8	29240459	29240459	-	96.83418988	46	29240427	29240569
chr8	29243750	29243750	+	35.42011762	32	29243664	29243851
chr8	32283633	32283633	+	293.34632107	5	32283627	32283672
chr8	32454542	32454542	-	23.33137231	7	32454480	32454596
chr8	33202690	33202690	-	24.96613156	62	33202668	33202739
chr8	41775511	41775511	-	10.03210759	39	41775409	41775566
chr8	41937235	41937235	-	30.98658623	13	41937196	41937270
chr8	43318085	43318085	-	28.44622678	32	43318049	43318118
chr8	47909804	47909804	-	14.19577086	62	47909803	47909865
chr8	48475745	48475745	-	177.83129449	42	48475717	48475809
chr8	49308163	49308163	-	927.68458164	14	49307950	49308350
chr8	52644376	52644376	-	33.74348836	27	52644263	52644426
chr8	53857384	53857384	-	5.25472469	19	53857376	53857398
chr9	176220	176220	-	114.96467646	31	176199	176249
chr9	267569	267569	+	9.54968862	16	267551	267597
chr9	733591	733591	+	16.85076019	21	733587	733633
chr9	1448667	1448667	-	7.21270929	46	1448628	1448695
chr9	1493692	1493692	+	8.63228579	44	1493613	1493718
chr9	4032560	4032560	-	77.05539574	32	4032535	4032649
chr9	4162750	4162750	-	17.48419783	27	4162716	4162767
chr9	5362539	5362539	-	12.54228829	55	5362472	5362655
chr9	6702737	6702737	-	35.84338458	30	6702705	6702769
chr9	9168415	9168415	+	29.309014	4	9168411	9168423
chr9	11952705	11952705	-	107.82577958	29	11952558	11952816
chr9	12935320	12935320	-	14.03070962	20	12935254	12935402
chr9	13088094	13088094	-	28.23079113	16	13088059	13088098
chr9	13161444	13161444	-	9.70454515	26	13161355	13161469
chr9	13235998	13235998	+	26.74190062	24	13235967	13236004
chr9	18833580	18833580	+	74.4901522	16	18833517	18833610
chr9	19985547	19985547	+	31.61057044	14	19985482	19985574
chr9	23951702	23951702	-	26.49920985	27	23951666	23951805
chr9	24781719	24781719	+	17.91876959	39	24781684	24781751
chr9	25064164	25064164	-	15.65696145	10	25064136	25064189
chr9	29972518	29972518	-	66.68811091	33	29972363	29972545
chr9	31123964	31123964	+	115.18011406	3	31123962	31123976
chr9	31588990	31588990	-	115.0360324	51	31588865	31589115
chr9	32315452	32315452	+	37.44557082	62	32315439	32315534
chr9	33681963	33681963	-	43.94618955	55	33681878	33682038
chr9	33682412	33682412	+	16.62604068	24	33682370	33682433
chr9	33786841	33786841	-	38.17760132	4	33786800	33786841
chr9	38372176	38372176	+	5.04856001	20	38372175	38372195
chr9	38807178	38807178	+	28.67851631	14	38807117	38807228
chr9	40052688	40052688	-	26.44209036	34	40052612	40052696
chr9	41756756	41756756	-	10.75464201	54	41756720	41756814
chr9	42533047	42533047	+	16.21161381	26	42532990	42533154
chr9	43769453	43769453	-	100.48770425	49	43769387	43769540
chr9	43943113	43943113	-	8.06233578	33	43943080	43943113
chr9	43944245	43944245	-	6.87328795	60	43944185	43944245
chr9	49283995	49283995	-	16.1569708	19	49283897	49284009
chr9	56274833	56274833	+	144.17696846	55	56274815	56274914
chr9	57134747	57134747	-	16.24953045	53	57134539	57134821
chr9	57813073	57813073	-	11.31341859	33	57813019	57813099
chr9	57958899	57958899	-	142.02809118	23	57958863	57958942
chr10	1868446	1868446	+	20.71578095	11	1868429	1868454
chr10	3435088	3435088	-	189.12466218	61	3434830	3435144
chr10	4721515	4721515	+	33.29314637	31	4721446	4721549
chr10	5237758	5237758	+	23.42839636	4	5237744	5237814
chr10	5417645	5417645	+	23.06538525	20	5417606	5417663
chr10	6191355	6191355	+	92.5965741	15	6191253	6191647
chr10	6572417	6572417	+	16.46041535	42	6572368	6572425
chr10	8719518	8719518	+	10.43111901	4	8719514	8719558
chr10	10938691	10938691	+	5.81527694	51	10938626	10938752
chr10	11231203	11231203	+	86.85367807	54	11231103	11231215
chr10	11363473	11363473	-	5.50383424	18	11363416	11363512
chr10	13360518	13360518	-	12.65017004	29	13360483	13360569
chr10	15368961	15368961	-	13.69602274	28	15368858	15369036
chr10	15483469	15483469	+	39.40895838	46	15483416	15483500
chr10	16056583	16056583	-	52.43476163	46	16056480	16056654
chr10	16980955	16980955	+	97.60828161	51	16980920	16981015
chr10	20139948	20139948	-	162.92232611	21	20139825	20139955
chr10	21135240	21135240	-	7.86526786	3	21135227	21135273
chr10	25190793	25190793	-	60.97081266	31	25190745	25190890
chr10	27579920	27579920	+	27.49006891	26	27579853	27579996
chr10	27632812	27632812	-	31.45842426	9	27632760	27632817
chr10	30659782	30659782	-	6.86186252	36	30659763	30659816
chr10	30724246	30724246	-	38.15946202	3	30724243	30724246
chr10	33013495	33013495	+	46.82793086	51	33013470	33013788
chr10	33835073	33835073	-	21.7494354	24	33835059	33835164
chr10	34111590	34111590	-	47.80862004	25	34111563	34111646
chr10	36026220	36026220	+	28.76991147	16	36026187	36026235
chr10	36311579	36311579	+	5.65370865	5	36311578	36311583
chr10	37272596	37272596	+	29.78914005	12	37272565	37272691
chr10	37906767	37906767	+	46.97915415	3	37906711	37906772
chr10	40115933	40115933	+	6.18135024	64	40115867	40115933
chr10	40604559	40604559	-	316.33549927	19	40604486	40604596
chr10	41257425	41257425	+	28.09279533	56	41257325	41257458
chr10	43452390	43452390	-	45.69656052	52	43452306	43452413
chr10	43739896	43739896	+	32.43882826	5	43739875	43739905
chr10	43884850	43884850	-	54.93905869	34	43884818	43884931
chr10	44667355	44667355	+	27.70446963	23	44667335	44667364
chr10	45164056	45164056	-	62.05957461	32	45163930	45164110
chr10	45299293	45299293	+	37.81371005	45	45299246	45299293
chr10	46574607	46574607	-	18.84858884	3	46574568	46574682
chr11	484462	484462	-	155.7564763	23	484371	484503
chr11	1516875	1516875	+	101.61814881	28	1516825	1517049
chr11	2628862	2628862	+	50.39245743	42	2628784	2628967
chr11	3324016	3324016	-	15.33506402	53	3324010	3324068
chr11	4088388	4088388	+	23.47577068	5	4088358	4088406
chr11	6241119	6241119	-	57.51833515	48	6241080	6241224
chr11	6329932	6329932	+	40.01685853	14	6329882	6329953
chr11	6950897	6950897	-	115.32548468	33	6950834	6950959
chr11	7116810	7116810	-	26.22785861	5	7116809	7116816
chr11	7378516	7378516	+	13.15990442	43	7378455	7378569
chr11	7385649	7385649	-	21.0673563	2	7385645	7385676
chr11	12860037	12860037	-	46.02259423	22	12860004	12860061
chr11	13312469	13312469	-	12.87925579	3	13312460	13312488
chr11	21368621	21368621	-	28.87083713	60	21368618	21368734
chr11	21864963	21864963	-	41.86775627	14	21864945	21864993
chr11	25858991	25858991	+	19.59784754	5	25858989	25858995
chr11	26529581	26529581	+	6.24717226	3	26529528	26529598
chr11	26763292	26763292	-	23.38977577	62	26763192	26763304
chr11	28151250	28151250	+	18.27806923	31	28151223	28151267
chr11	29094975	29094975	+	21.03240125	14	29094938	29094995
chr11	29491364	29491364	-	28.45436665	54	29491243	29491442
chr11	31013764	31013764	-	92.24149873	21	31013695	31013795
chr11	31605181	31605181	+	5.12652353	37	31605142	31605181
chr11	32015299	32015299	+	42.96267341	23	32015229	32015333
chr11	32451122	32451122	+	20.76344981	12	32451106	32451139
chr11	37070929	37070929	-	64.9330598	27	37070852	37071031
chr11	37935141	37935141	+	38.04328797	17	37935108	37935170
chr11	38885755	38885755	-	61.88166889	19	38885751	38885815
chr11	38934233	38934233	+	82.88809307	22	38934119	38934385
chr11	43722161	43722161	+	16.81441966	12	43722104	43722188
chr11	45258662	45258662	-	15.22190348	27	45258569	45258701
chr11	46144574	46144574	+	18.1484383	31	46144526	46144620
chr11	46345024	46345024	+	8.4374027	12	46345023	46345035
chr11	46484803	46484803	-	24.9433926	12	46484795	46484891
chr12	2787282	2787282	-	25.23460631	46	2787239	2787309
chr12	4312066	4312066	-	65.48139145	28	4312036	4312145
chr12	4638315	4638315	-	12.67585746	10	4638312	4638325
chr12	5176269	5176269	+	16.753268	2	5176267	5176272
chr12	5293127	5293127	-	84.74311296	15	5292866	5293286
chr12	6861335	6861335	-	75.9391209	58	6861314	6861427
chr12	7925129	7925129	-	97.67981014	52	7925013	7925236
chr12	10765212	10765212	-	31.83100111	28	10765151	10765262
chr12	10824198	10824198	+	10.10762515	46	10824136	10824209
chr12	11117973	11117973	-	14.39509757	10	11117972	11117982
chr12	12756210	12756210	+	63.9594277	24	12756127	12756263
chr12	14756391	14756391	-	72.76317374	39	14756316	14756416
chr12	18269088	18269088	+	11.52755049	21	18269043	18269106
chr12	19603932	19603932	-	11.00888107	17	19603912	19604021
chr12	19744098	19744098	+	67.29274726	30	19743988	19744138
chr12	25852418	25852418	+	8.32506084	44	25852414	25852458
chr12	26612194	26612194	+	153.29139432	4	26612191	26612196
chr12	28783853	28783853	-	82.81335109	30	28783634	28783963
chr12	28814198	28814198	+	23.05073008	39	28814089	28814216
chr12	35077268	35077268	-	16.31044759	14	35077239	35077340
chr12	38278151	38278151	-	15.03557004	6	38278148	38278156
chr12	43330080	43330080	-	5.42158416	4	43330042	43330089
chr12	49421941	49421941	-	107.04247905	61	49421888	49422034
chr12	49633426	49633426	+	128.03525797	1	49633420	49633488
chr12	50196427	50196427	-	18.7021638	23	50196408	50196446
chr12	50249499	50249499	+	40.08051916	24	50249456	50249512
chr12	50541860	50541860	+	8.44754915	4	50541856	50541860
chr13	78447	78447	-	76.15125935	32	78397	78481
chr13	545008	545008	+	13.25972288	7	544996	545018
chr13	697951	697951	-	6.46048954	1	697950	697951
chr13	1027427	1027427	+	163.02812458	46	1027339	1027475
chr13	1299609	1299609	-	37.6499051	36	1299534	1299653
chr13	3958203	3958203	-	36.52672917	27	3958178	3958372
chr13	4021553	4021553	-	70.36681343	55	4021488	4021584
chr13	4690266	4690266	+	6.27943634	52	4690215	4690299
chr13	6992415	6992415	-	132.95532448	35	6992371	6992511
chr13	10638517	10638517	+	11.00979197	59	10638482	10638622
chr13	12900002	12900002	-	58.70598243	42	12899901	12900015
chr13	13554744	13554744	+	14.02351574	3	13554727	13554750
chr13	13867147	13867147	+	24.76950386	40	13867116	13867198
chr13	15770562	15770562	+	17.12238608	32	15770507	15770715
chr13	18360473	18360473	+	57.16733736	14	18360378	18360521
chr13	18594801	18594801	+	7.84891728	15	18594791	18594806
chr13	21790599	21790599	-	75.30340497	33	21790559	21790656
chr13	21908686	21908686	+	50.36235222	23	21908643	21908755
chr13	22028426	22028426	+	56.65140148	9	22028351	22028466
chr13	22390258	22390258	+	7.27388463	25	22390231	22390284
chr13	22839249	22839249	-	15.49039961	55	22839248	22839345
chr13	23043590	23043590	-	5.37532035	27	23043563	23043590
chr13	24895357	24895357	+	9.75865939	10	24895319	24895370
chr13	28487478	28487478	-	25.17584684	17	28487424	28487520
chr13	30149050	30149050	+	20.47525617	34	30148998	30149140
chr13	30877464	30877464	-	7.63289414	51	30877410	30877529
chr13	31593786	31593786	-	148.2053363	25	31593726	31593833
chr13	33450985	33450985	-	54.50534695	44	33450895	33451064
chr13	33712364	33712364	+	8.30048577	3	33712341	33712394
chr13	33896171	33896171	-	20.31037991	3	33896169	33896175
chr13	33925010	33925010	-	14.20979026	8	33924968	33925052
chr13	36997530	36997530	+	103.01308926	27	36997441	36997599
chr13	37011565	37011565	-	9.2626462	2	37011564	37011567
chr13	45432805	45432805	-	13.41490387	55	45432750	45432805
chr13	51038345	51038345	-	22.79479738	63	51038295	51038421
chr13	51440718	51440718	-	5.27391423	8	51440650	51440752
chr13	53646115	53646115	+	13.59987608	4	53646081	53646115
chr14	161119	161119	-	17.89675165	18	161038	161141
chr14	1111670	1111670	+	42.97752289	62	1111593	1111722
chr14	7164905	7164905	-	26.99248607	52	7164893	7164956
chr14	9753448	9753448	-	5.47558949	35	9753317	9753496
chr14	12437207	12437207	+	30.21930533	30	12437133	12437349
chr14	22064993	22064993	-	42.63178196	15	22064966	22065015
chr14	22099600	22099600	-	18.39004363	21	22099596	22099680
chr14	22686886	22686886	+	201.34835131	14	22686783	22686961
chr14	22962988	22962988	-	9.40594463	4	22962984	22962988
chr14	23470638	23470638	+	6.0988721	12	23470620	23470730
chr14	25845639	25845639	+	11.07892588	19	25845638	25845658
chr14	26995251	26995251	-	37.3635925	56	26995244	26995306
chr14	26996469	26996469	+	25.18813175	20	26996399	26996500
chr14	29565311	29565311	+	54.2346773	41	29565283	29565459
chr14	31957746	31957746	-	187.05571215	50	31957469	31957784
chr14	32339147	32339147	-	20.81359229	52	32339084	32339174
chr14	36527379	36527379	+	102.6259345	43	36527302	36527500
chr14	40044386	40044386	+	7.59024388	1	40044385	40044386
chr14	42173965	42173965	+	38.18966723	21	42173920	42174052
chr14	47025982	47025982	+	36.49921202	52	47025853	47026002
chr14	47673619	47673619	+	34.69123143	24	47673577	47673631
chr14	49005837	49005837	-	32.69093634	15	49005826	49005925
chr14	51198999	51198999	-	26.39963299	14	51198984	51199016
chr14	51241778	51241778	+	10.83049245	41	51241709	51241988
chr14	51641660	51641660	+	65.25714532	24	51641625	51641717
chr14	52632244	52632244	+	19.71571315	35	52632131	52632340
chr14	53498157	53498157	-	115.98113501	15	53498037	53498194
chr14	53570858	53570858	-	18.34453899	10	53570845	53570858
chr15	1529437	1529437	-	27.08442265	26	1529188	1529469
chr15	1617667	1617667	-	105.39657731	34	1617528	1617723
chr15	1874545	1874545	-	14.49105702	26	1874539	1874621
chr15	2489630	2489630	+	10.49189645	29	2489619	2489651
chr15	2643914	2643914	-	29.3511101	35	2643851	2643943
chr15	4387188	4387188	-	44.76645336	10	4387170	4387192
chr15	6672415	6672415	+	17.98112415	34	6672395	6672463
chr15	6904498	6904498	-	13.68271214	30	6904428	6904549
chr15	9413475	9413475	-	50.51220891	25	9413446	9413529
chr15	10534536	10534536	+	87.38401446	50	10534460	10534579
chr15	14434795	14434795	+	10.6018473	37	14434781	14434821
chr15	15342648	15342648	-	45.22123805	23	15342593	15342768
chr15	15403098	15403098	-	40.27509172	30	15403029	15403221
chr15	16426003	16426003	+	55.53033163	23	16425917	16426084
chr15	16460852	16460852	+	10.35622787	24	16460837	16460895
chr15	18985847	18985847	-	14.62874855	14	18985829	18985849
chr15	20654230	20654230	-	119.15742864	35	20654160	20654272
chr15	22561593	22561593	+	26.23273831	47	22561565	22561631
chr15	22696256	22696256	-	28.99825566	21	22696204	22696289
chr15	25888648	25888648	-	14.21618259	23	25888632	25888655
chr15	26222705	26222705	-	12.99912849	13	26222645	26222764
chr15	27717721	27717721	+	33.58086592	7	27717658	27717721
chr15	27935928	27935928	-	9.34922185	48	27935900	27935986
chr15	28245785	28245785	-	14.90942634	48	28245734	28245890
chr15	34339264	34339264	+	54.38001749	13	34339159	34339429
chr15	36573840	36573840	-	15.33511139	3	36573808	36573959
chr15	39760886	39760886	-	23.63659797	38	39760743	39760922
chr15	42130924	42130924	-	23.89037777	36	42130885	42130972
chr15	42351776	42351776	-	10.82736311	30	42351746	42351796
chr15	42941316	42941316	+	37.55960437	36	42941254	42941429
chr15	43148724	43148724	-	12.76346389	22	43148659	43148749
chr15	44832357	44832357	+	7.86897185	1	44832355	44832358
chr15	46062924	46062924	-	11.23851739	22	46062898	46062981
chr15	46579999	46579999	+	79.62576407	18	46579882	46580100
chr16	3503585	3503585	+	13.53625159	24	3503558	3503636
chr16	4641625	4641625	+	46.53441359	10	4641621	4641637
chr16	5491123	5491123	-	47.18036907	28	5490959	5491151
chr16	5639831	5639831	+	7.43226612	18	5639797	5639861
chr16	5666381	5666381	-	18.05478604	45	5666370	5666417
chr16	6457886	6457886	+	9.39843133	10	6457873	6457886
chr16	11574408	11574408	-	6.62253262	18	11574390	11574408
chr16	12126396	12126396	-	65.32879691	6	12126350	12126452
chr16	13847446	13847446	-	13.39245493	55	13847350	13847467
chr16	13986212	13986212	-	12.92001564	42	13986116	13986288
chr16	14016178	14016178	-	45.32142786	23	14016113	14016236
chr16	15315697	15315697	-	17.62935766	22	15315681	15315796
chr16	24893432	24893432	-	5.57514997	9	24893385	24893453
chr16	26960849	26960849	+	13.90495003	48	26960833	26960904
chr16	26973150	26973150	+	5.59689523	37	26973145	26973221
chr16	27071343	27071343	-	22.88166926	48	27071263	27071477
chr16	27313339	27313339	+	9.59211412	29	27313263	27313342
chr16	27837147	27837147	-	13.9466618	11	27837086	27837193
chr16	27938799	27938799	-	205.31334776	39	27938750	27938873
chr16	28778923	28778923	-	11.17837801	25	28778836	28778943
chr16	29670788	29670788	+	5.40157261	19	29670769	29670796
chr16	30806645	30806645	+	54.91660301	14	30806509	30806655
chr16	31222897	31222897	+	16.9398557	39	31222868	31222940
chr16	31769430	31769430	+	82.99181278	4	31769363	31769458
chr16	31936753	31936753	+	31.53355345	43	31936669	31936818
chr16	32712968	32712968	-	5.94649174	19	32712916	32712968
chr16	35373566	35373566	-	5.65932277	29	35373552	35373581
chr16	35969721	35969721	+	12.42370357	14	35969707	35969721
chr16	36408572	36408572	+	12.61158547	50	36408481	36408693
chr16	36612311	36612311	-	37.4473434	30	36612197	36612382
chr16	37064956	37064956	+	88.65124981	6	37064946	37064991
chr16	38056751	38056751	+	51.75817772	26	38056711	38056760
chr16	38154036	38154036	-	7.51438995	41	38154035	38154127
chr16	38359300	38359300	-	8.03524124	22	38359289	38359311
chr16	40784250	40784250	+	122.24766149	31	40784201	40784289
chr16	43620042	43620042	+	19.4592926	20	43619988	43620075
chr16	44574324	44574324	-	204.18076705	8	44574304	44574423
chr16	45232393	45232393	-	110.9010091	24	45232283	45232505
chr16	45252636	45252636	+	17.6222765	19	45252622	45252665
chr16	45981696	45981696	-	34.5553534	31	45981633	45981747
chr16	46261219	46261219	-	40.602835	16	46261140	46261250
chr16	48757476	48757476	+	36.82519567	22	48757452	48757573
chr16	49474775	49474775	+	5.34372409	41	49474771	49474827
chr16	49732887	49732887	-	163.16907324	7	49732844	49732902
chr16	54748235	54748235	+	59.92910768	22	54748073	54748246
chr16	56855828	56855828	+	18.07054018	5	56855746	56855835
chr16	58360204	58360204	+	6.13745462	59	58360137	58360205
chr17	766504	766504	-	535.64227301	1	766495	766511
chr17	2468034	2468034	-	39.95650752	15	2467985	2468060
chr17	5166399	5166399	-	65.41314007	32	5166371	5166454
chr17	8599559	8599559	+	32.96929652	20	8599498	8599626
chr17	8771490	8771490	+	41.34164119	21	8771436	8771502
chr17	12113353	12113353	-	176.71612164	21	12113201	12113390
chr17	12627726	12627726	-	35.49279483	39	12627622	12627793
chr17	15054791	15054791	+	13.55298109	17	15054697	15054853
chr17	19311236	19311236	+	265.68310948	16	19311178	19311318
chr17	19365481	19365481	-	20.90020448	4	19365445	19365483
chr17	21029482	21029482	-	10.60928232	55	21029437	21029557
chr17	21030430	21030430	-	8.80679462	37	21030421	21030460
chr17	21717885	21717885	+	35.72057899	35	21717819	21717958
chr17	22590246	22590246	+	12.80519136	19	22590199	22590329
chr17	25431858	25431858	+	28.05408899	43	25431805	25431906
chr17	26446588	26446588	-	5.92579825	56	26446587	26446643
chr17	28729436	28729436	+	129.18583336	59	28729240	28729565
chr17	28767032	28767032	-	12.86006369	21	28767014	28767048
chr17	30903000	30903000	+	46.7781077	44	30902964	30903195
chr17	33925173	33925173	+	38.59519976	24	33925107	33925205
chr17	35519717	35519717	-	17.91575317	9	35519708	35519747
chr17	38463406	38463406	+	12.85916823	14	38463352	38463491
chr17	38609831	38609831	-	7.99879241	41	38609735	38609876
chr17	39352427	39352427	-	21.13679041	40	39352304	39352459
chr17	39865147	39865147	+	246.22026355	42	39865078	39865240
chr17	43057109	43057109	+	26.07279554	35	43057030	43057147
chr17	45901741	45901741	-	91.52737374	12	45901697	45901771
chr17	48410112	48410112	+	8.2590418	1	48410111	48410112
chr17	49495612	49495612	-	27.81954174	19	49495529	49495670
chr17	50007634	50007634	-	22.71331737	18	50007529	50007729
chr17	53432095	53432095	+	55.28193141	37	53432079	53432128
chr18	4486341	4486341	-	35.72573705	16	4486302	4486359
chr18	4929638	4929638	-	8.74643478	31	4929614	4929712
chr18	5212203	5212203	-	34.27344832	45	5212197	5212276
chr18	5622170	5622170	+	119.47213173	59	5622103	5622517
chr18	8061657	8061657	-	23.68414897	63	8061581	8061671
chr18	10374209	10374209	+	8.98958524	24	10374185	10374209
chr18	14263989	14263989	-	12.4085408	8	14263983	14263991
chr18	14692401	14692401	+	7.82877416	59	14692293	14692475
chr18	14915519	14915519	-	25.25107046	43	14915485	14915558
chr18	15616471	15616471	+	24.9883327	58	15616400	15616512
chr18	16596275	16596275	-	111.62514938	29	16596236	16596359
chr18	18884338	18884338	-	11.3430415	27	18884337	18884367
chr18	20313346	20313346	+	44.2319639	22	20313312	20313493
chr18	20347528	20347528	+	17.13792514	34	20347527	20347564
chr18	20602364	20602364	-	9.5428418	15	20602361	20602376
chr18	22067731	22067731	-	5.14135881	22	22067730	22067752
chr18	26843683	26843683	+	134.19703893	15	26843644	26843768
chr18	29848466	29848466	+	67.26168282	53	29848412	29848564
chr18	30452114	30452114	+	254.86051275	15	30452070	30452121
chr18	32416707	32416707	+	7.21367248	15	32416671	32416707
chr18	33752022	33752022	-	92.34583413	28	33751968	33752145
chr18	34971766	34971766	+	9.12022615	26	34971736	34971781
chr18	35004490	35004490	+	13.38355482	52	35004439	35004491
chr18	39210390	39210390	-	132.43103522	10	39210293	39210450
chr18	39529506	39529506	-	8.8090467	31	39529502	39529533
chr18	39573813	39573813	+	28.15230208	30	39573752	39573846
chr18	39715459	39715459	-	7.64405035	3	39715458	39715461
chr18	39868258	39868258	+	12.73681302	42	39868187	39868342
chr18	40166072	40166072	-	115.36060023	43	40165975	40166135
chr18	43040268	43040268	-	113.59760329	13	43040193	43040358
chr18	44091261	44091261	+	12.39426503	43	44091237	44091280
chr18	44371399	44371399	+	98.63776317	41	44371348	44371505
chr18	44570718	44570718	+	5.17473296	44	44570648	44570720
chr18	47336759	47336759	-	46.5772304	14	47336707	47336836
chr18	47362789	47362789	-	567.06090469	5	47362756	47362812
chr18	47804245	47804245	+	16.71830236	30	47804236	47804436
chr18	48076917	48076917	+	6.27233692	52	48076888	48076948
chr18	49618836	49618836	+	5.59276547	29	49618835	49618864
chr18	49680683	49680683	+	18.28973249	18	49680636	49680738
chr19	181716	181716	+	25.0399272	22	181669	181769
chr19	2459008	2459008	-	44.26880423	1	2459006	2459008
chr19	2969896	2969896	+	9.39824681	64	2969846	2969921
chr19	3108990	3108990	+	26.00152414	13	3108926	3109069
chr19	5480547	5480547	+	82.74339206	38	5480504	5480822
chr19	6926154	6926154	-	12.6638088	55	6926101	6926160
chr19	7777033	7777033	+	27.94052636	9	7777029	7777105
chr19	8249596	8249596	+	41.32979237	15	8249560	8249710
chr19	9235382	9235382	+	16.10536576	28	9235189	9235409
chr19	9549105	9549105	-	26.27889483	19	9549068	9549208
chr19	9654914	9654914	+	90.83973702	40	9654820	9654934
chr19	12600374	12600374	+	21.17807264	29	12600256	12600391
chr19	12972228	12972228	+	32.65934617	21	12972184	12972330
chr19	13766685	13766685	+	7.83235163	6	13766682	13766688
chr19	15287455	15287455	-	47.87033786	40	15287410	15287455
chr19	18437500	18437500	-	33.57995695	31	18437464	18437556
chr19	18607826	18607826	-	12.8770242	8	18607764	18607852
chr19	19241498	19241498	+	9.77190704	59	19241466	19241559
chr19	19646462	19646462	-	8.55804652	24	19646461	19646495
chr19	20117844	20117844	+	9.90473444	25	20117761	20117844
chr19	20929048	20929048	-	28.93872706	39	20928854	20929139
chr19	21190784	21190784	+	96.04426266	27	21190726	21190875
chr19	21260412	21260412	+	56.99361841	37	21260332	21260441
chr19	22558775	22558775	+	36.06395679	16	22558753	22558822
chr19	22963182	22963182	-	32.31611873	33	22963158	22963211
chr19	22973355	22973355	-	8.24548518	39	22973319	22973358
chr19	27255577	27255577	-	73.94857936	10	27255446	27255601
chr19	27825532	27825532	+	60.02536285	21	27825462	27825570
chr19	27877205	27877205	-	12.62021893	11	27877200	27877219
chr19	28616348	28616348	-	7.97169311	35	28616168	28616351
chr19	28769805	28769805	+	85.16142015	22	28769772	28769841
chr19	31059590	31059590	+	13.22896772	5	31059528	31059597
chr19	31668531	31668531	+	34.14149478	21	31668493	31668566
chr19	33146201	33146201	-	10.9339415	46	33146144	33146341
chr19	33149825	33149825	+	11.73777937	25	33149779	33149882
chr19	35066215	35066215	+	14.82942331	4	35066210	35066225
chr19	36291056	36291056	+	6.45745987	50	36291024	36291096
chr19	40986362	40986362	+	41.9537825	10	40986321	40986395
chr19	44867625	44867625	-	130.14748449	48	44867569	44867687
chr19	45301298	45301298	+	7.02788985	1	45301297	45301298
chr19	46866727	46866727	+	49.66529072	23	46866695	46866753
chr19	47866951	47866951	+	150.19416702	10	47866865	47866997
chr19	48406128	48406128	-	30.64363489	21	48406079	48406146
chr19	49312211	49312211	+	107.54947369	11	49312143	49312325
chr19	49553832	49553832	-	68.21036229	39	49553710	49553892
chr19	49976838	49976838	-	161.83109159	49	49976731	49976909
chr20	917659	917659	-	46.63554121	59	917610	917734
chr20	2448356	2448356	+	7.750357	25	2448324	2448373
chr20	2671540	2671540	+	14.32176586	13	2671455	2671602
chr20	3037406	3037406	-	40.81146608	19	3037385	3037439
chr20	3315166	3315166	-	48.11396255	47	3315062	3315206
chr20	3358581	3358581	-	345.20020061	34	3358246	3358622
chr20	3932206	3932206	+	7.13659283	23	3932174	3932275
chr20	4058197	4058197	+	60.88429093	17	4058134	4058251
chr20	4136576	4136576	+	5.30822941	1	4136575	4136576
chr20	4337782	4337782	+	141.16673985	40	4337658	4337845
chr20	7351541	7351541	-	7.5053099	4	7351509	7351541
chr20	9944198	9944198	+	116.93648015	27	9944110	9944247
chr20	14377767	14377767	-	27.17221473	25	14377753	14377822
chr20	15167503	15167503	-	13.15062468	24	15167474	15167529
chr20	16922363	16922363	+	13.02856637	1	16922316	16922363
chr20	17786019	17786019	+	175.49441773	31	17785914	17786053
chr20	18813231	18813231	+	9.18936457	64	18813200	18813264
chr20	21341110	21341110	+	11.70152271	44	21341079	21341190
chr20	22786167	22786167	+	27.24326447	24	22786134	22786275
chr20	23645404	23645404	+	5.23210355	32	23645327	23645428
chr20	25674757	25674757	-	13.94644773	42	25674645	25674798
chr20	26032125	26032125	+	300.8752356	43	26032005	26032272
chr20	26969431	26969431	+	51.66040563	17	26969268	26969681
chr20	28434070	28434070	-	14.83899411	10	28434037	28434149
chr20	28435219	28435219	+	25.03738717	30	28435181	28435275
chr20	29709692	29709692	-	38.40324895	52	29709587	29709739
chr20	30604917	30604917	+	31.72394702	15	30604849	30604956
chr20	32371620	32371620	-	36.99404192	10	32371580	32371683
chr20	33333343	33333343	+	289.00409956	26	33333314	33333394
chr20	33535977	33535977	-	79.08018412	24	33535919	33536065
chr20	34425305	34425305	+	10.01625457	4	34425304	34425331
chr20	34478175	34478175	-	25.13085257	42	34478157	34478213
chr20	35457829	35457829	+	66.16062896	26	35457789	35457918
chr20	35881998	35881998	+	51.53501304	59	35881966	35882101
chr20	37957865	37957865	-	13.7505625	28	37957737	37957890
chr20	37958929	37958929	-	14.88348082	24	37958877	37958969
chr20	38226439	38226439	+	40.74812285	40	38226343	38226506
chr20	39368823	39368823	-	24.33404732	31	39368717	39368853
chr20	42596807	42596807	+	25.57412361	23	42596731	42596858
chr20	42750658	42750658	-	8.98832971	5	42750657	42750668
chr20	45815293	45815293	+	5.91215015	29	45815292	45815321
chr20	48196282	48196282	-	8.29853804	30	48196153	48196340
chr20	50204816	50204816	-	15.84442269	63	50204750	50204878
chr20	50326828	50326828	-	37.63665332	38	50326730	50326880
chr20	51513070	51513070	-	7.41920831	1	51513069	51513072
chr20	52870588	52870588	+	9.86494502	34	52870547	52870698
chr20	52926091	52926091	+	5.03499929	23	52926068	52926091
chr20	54158664	54158664	+	7.59745058	3	54158663	54158666
chr20	54673055	54673055	+	23.07112988	21	54672939	54673158
chr21	2702482	2702482	+	6.08664383	25	2702444	2702541
chr21	4026886	4026886	+	25.61326976	40	4026825	4026990
chr21	5305788	5305788	-	47.14385631	26	5305704	5305801
chr21	5320085	5320085	+	124.63735061	5	5320075	5320086
chr21	5368808	5368808	+	7.4749272	51	5368757	5368808
chr21	5880831	5880831	-	18.18929542	63	5880822	5880891
chr21	7484933	7484933	+	74.81613797	15	7484858	7485038
chr21	8013102	8013102	-	27.01588882	31	8013075	8013152
chr21	10078501	10078501	-	64.34782528	38	10078430	10078648
chr21	10386988	10386988	-	21.29224354	64	10386940	10387039
chr21	10394196	10394196	-	562.3022605	12	10394162	10394281
chr21	10460301	10460301	+	9.1682929	22	10460247	10460408
chr21	11372969	11372969	+	5.07458479	1	11372968	11372969
chr21	13034412	13034412	-	29.15747413	46	13034286	13034474
chr21	16114738	16114738	-	28.16721753	22	16114710	16114769
chr21	17821755	17821755	-	87.84585411	6	17821739	17821758
chr21	19169920	19169920	-	16.81247276	1	19169917	19169922
chr21	19598992	19598992	+	29.55113768	31	19598954	19598999
chr21	21960301	21960301	+	63.74504272	25	21960286	21960325
chr21	23954911	23954911	-	29.0549248	47	23954862	23954960
chr21	24694121	24694121	-	20.60527005	41	24694060	24694145
chr21	25465260	25465260	-	18.88816303	28	25465239	25465289
chr21	26071354	26071354	-	109.63517547	23	26071269	26071420
chr21	26120193	26120193	+	37.7477426	5	26120136	26120196
chr21	26807634	26807634	-	19.23377396	47	26807585	26807729
chr21	27896746	27896746	+	43.20611686	15	27896702	27896757
chr21	28314615	28314615	-	24.32006634	41	28314560	28314620
chr21	28751632	28751632	+	19.2738483	23	28751564	28751650
chr21	28904259	28904259	-	25.37116966	20	28904220	28904349
chr21	29539260	29539260	-	5.07458479	1	29539259	29539313
chr21	31548862	31548862	-	208.16468412	24	31548821	31548999
chr21	33780750	33780750	+	53.31305767	5	33780692	33780808
chr21	34293174	34293174	+	54.54348479	40	34293114	34293264
chr21	36520167	36520167	-	73.53422108	25	36520109	36520209
chr21	37915861	37915861	-	23.57858053	43	37915833	37915876
chr21	39236986	39236986	+	14.13530968	4	39236983	39236991
chr21	41420849	41420849	-	42.66204069	27	41420831	41420884
chr21	41891147	41891147	-	8.36616176	25	41891104	41891172
chr21	41891305	41891305	+	27.29787525	17	41891225	41891339
chr21	41933232	41933232	-	32.32034257	41	41933141	41933263
chr21	44221280	44221280	-	6.05606195	12	44221279	44221316
chr22	49374	49374	-	94.99829571	18	49337	49429
chr22	53128	53128	-	17.6061538	31	53064	53162
chr22	123818	123818	+	12.66452906	34	123775	123818
chr22	380297	380297	+	45.58143074	31	380266	380417
chr22	6938311	6938311	-	12.3014273	50	6938268	6938344
chr22	6953766	6953766	-	43.53164117	29	6953721	6953768
chr22	11630605	11630605	+	22.21836318	40	11630574	11630694
chr22	11771870	11771870	-	16.31969324	10	11771839	11771920
chr22	12833130	12833130	-	7.97603606	23	12833027	12833130
chr22	16044413	16044413	+	6.52957968	5	16044412	16044418
chr22	16508266	16508266	+	42.45171258	21	16508205	16508306
chr22	16716534	16716534	-	25.83861112	56	16716371	16716592
chr22	16759806	16759806	+	18.21384934	1	16759803	16759807
chr22	17414739	17414739	+	18.61888513	16	17414738	17414815
chr22	17733509	17733509	+	8.29069744	16	17733503	17733638
chr22	20487712	20487712	+	24.99255307	25	20487678	20487724
chr22	21270793	21270793	-	50.02502355	27	21270680	21270859
chr22	22623662	22623662	+	22.8459921	10	22623655	22623704
chr22	25559432	25559432	+	39.77585491	39	25559333	25559468
chr22	27732010	27732010	-	59.08392816	20	27731947	27732050
chr22	35041586	35041586	+	50.77293372	12	35041515	35041672
chr22	35377770	35377770	-	30.71460812	30	35377755	35377815
chr22	37284754	37284754	+	5.39208273	19	37284748	37284767
chr22	38090527	38090527	+	42.23237587	31	38090428	38090635
chr22	39405725	39405725	-	10.182411	7	39405581	39405823
chr22	39414469	39414469	-	173.16731616	31	39414285	39414514
chr22	39634852	39634852	-	17.17986078	5	39634845	39634855
chr22	40335720	40335720	-	383.58520622	43	40335607	40335784
chr22	40551079	40551079	-	111.12119051	13	40551063	40551175
chr22	40819408	40819408	-	28.57998834	32	40819279	40819466
chr22	41960235	41960235	+	20.06078305	39	41960212	41960315
chr22	41980312	41980312	+	6.43882897	10	41980299	41980363
chr23	2435314	2435314	+	239.5428839	18	2435069	2435376
chr23	3772124	3772124	-	26.31591957	48	3772045	3772170
chr23	4325444	4325444	+	7.72276163	23	4325354	4325476
chr23	4534300	4534300	+	63.89288941	31	4534254	4534381
chr23	5546678	5546678	+	102.15820198	53	5546569	5546740
chr23	7094427	7094427	-	8.84171553	10	7094278	7094462
chr23	9615469	9615469	+	19.46949871	50	9615422	9615514
chr23	9875635	9875635	-	57.98957603	38	9875585	9875673
chr23	10360503	10360503	-	241.91593999	5	10360474	10360561
chr23	12468123	12468123	+	11.19281578	27	12468083	12468150
chr23	15441209	15441209	-	17.29363086	4	15441207	15441213
chr23	16318526	16318526	+	5.07458479	1	16318525	16318526
chr23	17273722	17273722	+	26.74429031	40	17273648	17273777
chr23	20712915	20712915	+	7.59709305	23	20712893	20712919
chr23	21125357	21125357	+	11.74578081	3	21125356	21125359
chr23	24886379	24886379	+	65.3450486	40	24886316	24886410
chr23	24899064	24899064	+	17.63245139	54	24898974	24899167
chr23	25242507	25242507	-	11.64524967	19	25242393	25242518
chr23	25996111	25996111	+	9.3974573	24	25996106	25996169
chr23	26143981	26143981	+	6.38265546	33	26143876	26144009
chr23	27944352	27944352	+	16.27376046	44	27944303	27944523
chr23	28589931	28589931	-	47.4600613	4	28589922	28589933
chr23	28620291	28620291	+	150.50288874	40	28620209	28620337
chr23	29308199	29308199	-	7.9357735	28	29308171	29308199
chr23	29994633	29994633	-	105.10340787	50	29994531	29994706
chr23	30946431	30946431	+	97.22219683	33	30946355	30946469
chr23	31199079	31199079	-	9.00738199	4	31199042	31199080
chr23	31483982	31483982	+	13.07930618	28	31483956	31484002
chr23	32151976	32151976	+	9.80958225	9	32151929	32152018
chr23	32260397	32260397	+	44.37400961	45	32260355	32260547
chr23	35556329	35556329	+	18.35199683	11	35556297	35556354
chr23	35745669	35745669	-	452.30460034	47	35745636	35745744
chr23	36229564	36229564	+	16.54363856	34	36229446	36229577
chr23	36392083	36392083	+	39.67455221	36	36392053	36392108
chr23	36518525	36518525	+	55.00304803	47	36518503	36518554
chr23	37183646	37183646	-	36.10769543	23	37183604	37183657
chr23	37389923	37389923	-	11.47275614	24	37389899	37389975
chr23	39607754	39607754	+	8.2582204	44	39607722	39607766
chr23	42954121	42954121	-	139.74428669	3	42954095	42954308
chr23	44715151	44715151	+	155.30193902	2	44715118	44715259
chr23	45094515	45094515	-	49.10288513	31	45094273	45094552
chr23	45381860	45381860	+	67.38362926	36	45381817	45381908
chr23	45605743	45605743	-	13.22063257	1	45605742	45605743
chr23	46157667	46157667	-	19.0826968	14	46157592	46157749
chr24	450052	450052	+	167.09362737	23	450015	450084
chr24	5797165	5797165	-	13.17785056	33	5797142	5797218
chr24	6016439	6016439	-	7.06786782	48	6016384	6016477
chr24	7450403	7450403	+	40.54455749	23	7450370	7450494
chr24	9065224	9065224	+	5.24225843	40	9065184	9065224
chr24	13177315	13177315	-	144.26712626	12	13177213	13177319
chr24	16763742	16763742	-	27.49318785	29	16763714	16763821
chr24	17528832	17528832	-	11.99230711	23	17528777	17528893
chr24	17688747	17688747	-	19.0268865	25	17688724	17688751
chr24	17691889	17691889	+	9.16330344	23	17691853	17691970
chr24	18835532	18835532	+	11.44199211	21	18835511	18835532
chr24	22230361	22230361	+	16.61892806	43	22230319	22230366
chr24	22285061	22285061	+	8.67849568	57	22285021	22285129
chr24	25439753	25439753	+	10.81417386	11	25439751	25439762
chr24	25612519	25612519	-	13.7664642	23	25612456	25612617
chr24	26197493	26197493	+	11.59463534	40	26197448	26197601
chr24	26431777	26431777	+	20.23735826	25	26431685	26431796
chr24	26590935	26590935	+	7.33210069	23	26590865	26590962
chr24	29366068	29366068	+	10.62509602	13	29366055	29366073
chr24	30793585	30793585	+	25.68175321	32	30793514	30793619
chr24	31452333	31452333	+	21.02422609	26	31452274	31452354
chr24	34525483	34525483	-	21.47181722	1	34525473	34525483
chr24	37693020	37693020	-	5.42282802	50	37692939	37693118
chr24	37814646	37814646	+	23.05926794	40	37814607	37814710
chr24	38839220	38839220	-	89.52948423	23	38839134	38839236
chr24	40607360	40607360	+	19.44375767	37	40607149	40607438
chr24	40681187	40681187	+	43.6145566	1	40681186	40681188
chr24	42088372	42088372	+	64.03655498	45	42088341	42088497
chr24	42252743	42252743	-	159.05007529	8	42252730	42252853
chr24	43809399	43809399	+	18.02624861	13	43809360	43809493
chr24	43859289	43859289	+	5.4069388	43	43859246	43859324
chr25	3403257	3403257	-	52.64151791	30	3403141	3403280
chr25	3581535	3581535	+	9.05825708	34	3581482	3581572
chr25	3949054	3949054	-	113.25255505	35	3949030	3949113
chr25	4311546	4311546	-	15.46495939	31	4311507	4311607
chr25	5627492	5627492	+	15.83674466	3	5627489	5627492
chr25	6351273	6351273	+	56.82043673	4	6351250	6351304
chr25	6476137	6476137	+	11.18709309	51	6476106	6476273
chr25	6576710	6576710	-	156.44315779	19	6576686	6576781
chr25	13126375	13126375	+	93.42120863	44	13126304	13126474
chr25	14109350	14109350	+	18.83836293	22	14109325	14109484
chr25	16344124	16344124	+	13.19789909	57	16344079	16344139
chr25	16909151	16909151	-	16.18119847	31	16908935	16909204
chr25	18349650	18349650	+	28.54376437	38	18349578	18349723
chr25	18412742	18412742	+	43.12651543	55	18412691	18412875
chr25	19454853	19454853	+	231.24746135	44	19454828	19454934
chr25	24500817	24500817	+	26.81378452	42	24500807	24500892
chr25	24844950	24844950	+	14.68458038	28	24844863	24844995
chr25	24971344	24971344	-	15.91121058	43	24971275	24971390
chr25	28611029	28611029	+	18.15057515	36	28610945	28611259
chr25	32510071	32510071	+	16.13569053	27	32510039	32510164
chr25	33734624	33734624	-	32.11221119	39	33734586	33734625
chr25	36033976	36033976	-	25.26159416	25	36033824	36034001
chr25	36202094	36202094	-	166.65965905	2	36201986	36202142
chr25	37373520	37373520	+	131.22237394	6	37373511	37373598
chr25	38148709	38148709	-	35.48193766	18	38148491	38148759
chr25	38250221	38250221	+	23.01553307	18	38250180	38250312
chr25	38339449	38339449	+	55.02644625	26	38339373	38339452
